[ 8  4  8 10  4 16  4  1  0  6  1  2 15 16  1  4 15 15  8 10 13  5  3 12
  4 15  7 13  7 15 12  1  1  8 12 16 12 16  1  1  8  7 11 13  1 10 15 16
  8 15 13 15  1 12  4  7  4  6 10  7  9 12 13 13 15  9 15  1 12 12  9 15
  5 12 12 11  6  8 12 12 12 13 12 13  1  2  1  1 13  5 10 15  5 15  8 10
 15  1 13  5 15 11  1  9  8 16 12  6 18  8  8  1 15  1  3 12 17 13 12 11
 16  8 14  1 12 11 10  4 10  1  4  4  1 15 12  1  8 17  8 11  1  8 19  4
 12  4  6 19 12 12  6  8  3  4  9  1  7  1 19  8  7 18  4 15 12  2  1  8
 12 17 16  1 15  6  4 12  1  1  6  7 12  1 17  8 12 11  1 15 19  7 12  1
  4 11 18 18  5  1  7  7 17  6  1 18  6  8  1  6 10  9  8  9  1  4  4 12
 14  1 12 10  4  8 19 12 12 17  5  8  0 15  6  4  8  6  4 12  7  1 12  1
  5 12  4  5  8 12 12  0 11  1  8 15  1 19  7 12 12  3  8 16 12 10  0  1
 11  1 11  3  4  7 11  1 19 19 15  9  6  2 12 16 16  6  5  9  9 12  8 12
 12  4 12  1  5 15  1 13 18  4  4 12  4 13  4  3  5  8  7 12  7 12 12  8
  8 12 18  8  1  4  7 17  8 13 15 15 12 14 12  5  1 15 15 12 14 12 14 12
 12  1 12  6  1 12  8 12  1  4 15  1  4  7 12 15  1 16 14 11 13  5 19 16
 12  8  1  1 13 17  9 15 15 12 19  1 12  3 12  8 11  1 12 12  1  8  5  4
  9 15 18 18 18 10 15  3 12 15 13  6 12 12  1 12 12  7 13 15 14 12 10  8
  7 14  6  6  1 15  1 17  8  8  8 15  4  1  1  1 15  0 18  8  0 13  1 12
  6 15 10 16 13 12  1  8  6  1 10 10  8  7  1  4 15 15 15  1 12 10 16  8
 10  1  8  4  1  6 11 16  1 15  4  1 18 12 12  4 12  1  1 12  4  4 16 12
  4 16 18  6 12  6  8  7  7 12  0 16  1 12  4 12  5  9 11  6 17 12  8 13
 15 11 16  1  6 12 12  3  8 17 12 15 12  1  4  1 15 16 17  1 14  1  5 10
  5  9]
[ 2  2  2  1  1 12 15  1  1  1 15 12 12  2  4 12  7  7 15 12 15 12 15 14
 12  8  8 16  4  4 15 15  1  4  4  4  4  1  1 12 12 12  8 12 12  8  8 12
 12 19 15 14  2 15 15 12 15 12  1 12 12 12 12  2  1 12  1  2  4  4 15 15
  6  4 15  8 15 15  4 15  1  4  4 15 15  1  8 15 15 15  8  6  4  8  6  6
  6  8  1  4 12 12 15  2 15 15 15  8  6  4  4  8  2  2  8 19  1  6 15  8
 12  8  6 15  6  8 12 12 12 12 12 12 12 12 12 12 14 12 12 12 12  3 12  1
 15  4  1  1 15 19 15  4  4 19 15  6 15  8  6  6 19  6 19  8 15 10  4  4
  1  4  4  8 15  6  6 19  8  6  8 15 15 15 19 15  6  6 15  4 15  8 15 15
  8  4  1  4  4  4 15 15  6 15  8 15  4 15  4  8 15  6  8 15 15 15  8 15
  6 15 15  1  4 15  1  1  2 10  6  4 15  8  6 15  1  4 15  8 15  6  6  6
 15 15  8  2 15  6  6  8  6 15 15  6  6 15 15 19  4  1 16  4  1  1  1 15
 14 15  6 19 15 12 15  4 16  1 15 15  1  1  1  8  2 12 12 15 15  8  6  2
  6 15 19 19 12 15 19 19 12  4  5  1 13 12 12 12 12 12 12 12 12 12 12 12
 12  1  1 12  2 12 12 12 12 12 12 12 14 12 11 12 12 12 11 13 12  1 12  1
  1  1  8]
