[ 2  2  2  1  1 12 15  1  1  1 15 12 12  2  4 12  7  7 15 12 15 12 15 14
 12  8  8 16  4  4 15 15  1  4  4  4  4  1  1 12 12 12  8 12 12  8  8 12
 12 19 15 14  2 15 15 12 15 12  1 12 12 12 12  2  1 12  1  2  4  4 15 15
  6  4 15  8 15 15  4 15  1  4  4 15 15  1  8 15 15 15  8  6  4  8  6  6
  6  8  1  4 12 12 15  2 15 15 15  8  6  4  4  8  2  2  8 19  1  6 15  8
 12  8  6 15  6  8 12 12 12 12 12 12 12 12 12 12 14 12 12 12 12  3 12  1
 15  4  1  1 15 19 15  4  4 19 15  6 15  8  6  6 19  6 19  8 15 10  4  4
  1  4  4  8 15  6  6 19  8  6  8 15 15 15 19 15  6  6 15  4 15  8 15 15
  8  4  1  4  4  4 15 15  6 15  8 15  4 15  4  8 15  6  8 15 15 15  8 15
  6 15 15  1  4 15  1  1  2 10  6  4 15  8  6 15  1  4 15  8 15  6  6  6
 15 15  8  2 15  6  6  8  6 15 15  6  6 15 15 19  4  1 16  4  1  1  1 15
 14 15  6 19 15 12 15  4 16  1 15 15  1  1  1  8  2 12 12 15 15  8  6  2
  6 15 19 19 12 15 19 19 12  4  5  1 13 12 12 12 12 12 12 12 12 12 12 12
 12  1  1 12  2 12 12 12 12 12 12 12 14 12 11 12 12 12 11 13 12  1 12  1
  1  1  8]
